Q1.(a)
n                 x(1)                 x(2)
1             1.000000             1.000000
2             1.000000             1.000000
3             1.000000             1.000000
4             1.000000             1.000000

Q1(b)
n                 x(1)                 x(2)
1             0.000000             0.000000
2            -0.439841             0.219921
3            -0.513162            -0.018376
4            -0.388212             0.042854
------------------------------------------------------------------

Q2
n                    x                    y                    z
1             0.500000            -0.186142            -0.523599
2             0.498158            -0.199607            -0.528826
3             0.498145            -0.199606            -0.528826
-------------------------------------------------------------------

Q3
n	x(n)			f(x(n))
0	1.000000e+00		-7.773067e+00 	
1	2.545187e+00		-5.135555e+00 	
2	2.830910e+00		 5.769216e-01 	
3	2.804987e+00		 5.793825e-03 	
4	2.804721e+00		 5.991336e-07 	
5	2.804721e+00		 7.105427e-15 	

--------------------------------------------------------------------

Q4(a)
Newton's Method
n	x(n)			f(x(n))
0	-1.000000e+00		 1.219559e-03 	
1	-1.103850e+00		 3.853684e-04 	
2	-1.181566e+00		 1.218431e-04 	
3	-1.239780e+00		 3.853594e-05 	
4	-1.283411e+00		 1.219018e-05 	
5	-1.316121e+00		 3.856544e-06 	
6	-1.340648e+00		 1.220145e-06 	
7	-1.359041e+00		 3.860455e-07 	
8	-1.372835e+00		 1.221444e-07 	
9	-1.383180e+00		 3.864674e-08 	
10	-1.390938e+00		 1.222798e-08 	
11	-1.396757e+00		 3.868993e-09 	
12	-1.401121e+00		 1.224171e-09 	
13	-1.404394e+00		 3.873347e-10 	
14	-1.406849e+00		 1.225550e-10 	
15	-1.408690e+00		 3.877720e-11 	
16	-1.410071e+00		 1.226930e-11 	
17	-1.411107e+00		 3.882006e-12 	
18	-1.411883e+00		 1.228240e-12 	
19	-1.412466e+00		 3.885781e-13 	
20	-1.412903e+00		 1.229017e-13 	
21	-1.413230e+00		 3.885781e-14 	
22	-1.413475e+00		 1.232348e-14 	
23	-1.413658e+00		 3.885781e-15 	
24	-1.413795e+00		 1.221245e-15 	
25	-1.413894e+00		 3.330669e-16 	

Modified Newton's Method
n	x(n)			f(x(n))
0	-1.000000e+00		 1.219559e-03 	
1	-1.415401e+00		 8.271162e-14 	
2	-1.414215e+00		-2.220446e-16 	

Q4(b)
Newton's Method
n	x(n)			f(x(n))
0	0.000000e+00		 2.889285e-02 	
1	-5.114214e-02		 9.211568e-03 	
2	-8.984248e-02		 2.886715e-03 	
3	-1.182447e-01		 8.915830e-04 	
4	-1.385656e-01		 2.721970e-04 	
5	-1.528162e-01		 8.237076e-05 	
6	-1.626603e-01		 2.476594e-05 	
7	-1.693862e-01		 7.412004e-06 	
8	-1.739461e-01		 2.211159e-06 	
9	-1.770208e-01		 6.581784e-07 	
10	-1.790865e-01		 1.956199e-07 	
11	-1.804707e-01		 5.808176e-08 	
12	-1.813967e-01		 1.723331e-08 	
13	-1.820155e-01		 5.110904e-09 	
14	-1.824286e-01		 1.515281e-09 	
15	-1.827043e-01		 4.491577e-10 	
16	-1.828883e-01		 1.331205e-10 	
17	-1.830110e-01		 3.945028e-11 	
18	-1.830928e-01		 1.169048e-11 	
19	-1.831473e-01		 3.464284e-12 	
20	-1.831837e-01		 1.026235e-12 	
21	-1.832079e-01		 3.041456e-13 	
22	-1.832241e-01		 9.009460e-14 	
23	-1.832349e-01		 2.681189e-14 	
24	-1.832421e-01		 7.827072e-15 	
25	-1.832468e-01		 2.386980e-15 	
26	-1.832501e-01		 8.326673e-16 	

Modified Newton's Method
n	x(n)			f(x(n))
0	0.000000e+00		 2.889285e-02 	
1	-5.114214e-02		 9.211568e-03 	
2	-8.984248e-02		 2.886715e-03 	
3	-1.182447e-01		 8.915830e-04 	
4	-1.385656e-01		 2.721970e-04 	
5	-1.528162e-01		 8.237076e-05 	
6	-1.626603e-01		 2.476594e-05 	
7	-1.693862e-01		 7.412004e-06 	
8	-1.739461e-01		 2.211159e-06 	
9	-1.770208e-01		 6.581784e-07 	
10	-1.790865e-01		 1.956199e-07 	
11	-1.804707e-01		 5.808176e-08 	
12	-1.813967e-01		 1.723331e-08 	
13	-1.820155e-01		 5.110904e-09 	
14	-1.824286e-01		 1.515281e-09 	
15	-1.827043e-01		 4.491577e-10 	
16	-1.828883e-01		 1.331205e-10 	
17	-1.830110e-01		 3.945028e-11 	
18	-1.830928e-01		 1.169048e-11 	
19	-1.831473e-01		 3.464284e-12 	
20	-1.831837e-01		 1.026235e-12 	
21	-1.832079e-01		 3.041456e-13 	
22	-1.832241e-01		 9.009460e-14 	
23	-1.832349e-01		 2.681189e-14 	
24	-1.832421e-01		 7.827072e-15 	
25	-1.832468e-01		 2.386980e-15 	
26	-1.832501e-01		 8.326673e-16 	
---------------------------------------------------------------------------------------------------------

Q5(a)
For root = 1, multiplicity = 4
n	x(n)		f(x(n))		e(n)		e(n+1)		e(n+1)/e(n)	log(e(n+1)/e(n))			
0	1.300000e+00	 2.673000e-02	 3.000000e-01	 6.666667e-03	 2.222222e-02	-3.806662e+00
1	1.006667e+00	 5.939094e-09	 6.666667e-03	 6.666667e-03	 1.000000e+00	 0.000000e+00

Q5(b)
For root = 1 , multiplicity = 2
n	x(n)		f(x(n))		e(n)		e(n+1)		e(n+1)/e(n)	log(e(n+1)/e(n))			
0	0.000000e+00	-8.000000e+00	 1.000000e+00	 4.285714e-01	 4.285714e-01	-8.472979e-01
1	5.714286e-01	-5.354912e-01	 4.285714e-01	 1.330049e-01	 3.103448e-01	-1.170071e+00
2	8.669951e-01	-2.572947e-02	 1.330049e-01	 1.991386e-02	 1.497227e-01	-1.898970e+00
3	9.800861e-01	-4.207280e-04	 1.991386e-02	 5.666332e-04	 2.845421e-02	-3.559459e+00
4	9.994334e-01	-3.216193e-07	 5.666332e-04	 5.666332e-04	 1.000000e+00	 0.000000e+00

For root = 2 , multiplicity = 3
n	x(n)		f(x(n))		e(n)		e(n+1)		e(n+1)/e(n)	log(e(n+1)/e(n))			
0	3.000000e+00	 4.000000e+00	 1.000000e+00	 2.500000e-01	 2.500000e-01	-1.386294e+00
1	2.250000e+00	 2.441406e-02	 2.500000e-01	 2.941176e-02	 1.176471e-01	-2.140066e+00
2	2.029412e+00	 2.696134e-05	 2.941176e-02	 5.497526e-04	 1.869159e-02	-3.979682e+00
3	2.000550e+00	 1.663452e-10	 5.497526e-04	 5.497526e-04	 1.000000e+00	 0.000000e+00
-----------------------------------------------------------------------------------------------------EOF
